------------------------------------
Cell Values Board:
[0, 3, 1, 4, 2]
[7, 5, 5, 6, 4]
[1, 4, 2, 2, 3]
[5, 6, 4, 'X', 3]
['X', 4, 3, 4, 5]
value function is:  5
------------------------------------
Hill Climb Result on board size of 5:
Total execution time for hill climb: 0.03244827800000005 seconds
[2, 2, 3, 4, 3]
[3, 1, 1, 3, 3]
[3, 2, 2, 2, 4]
[4, 2, 3, 2, 2]
[1, 2, 1, 3, 0]
value function is:  8
Close graph window to continue...
------------------------------------
SPF Results on board size of 5:
Total execution time for spf with value function 5 is: 0.0005400240000001943 seconds
5
Total execution time for spf with value function 7 is: 0.0005305570000002646 seconds
7
Total execution time for spf with value function 8 is: 0.00043394000000018806 seconds
8
------------------------------------
A* Results on board size of 5:
Total execution time for A* with value function 5 is: 0.00041865500000026756 seconds
Total execution time for A* with value function 7 is: 0.000512538999999812 seconds
Total execution time for A* with value function 8 is: 0.000436205999999828 seconds
------------------------------------
Genetic Algorithm Results on board size of 5:
[2, 2, 3, 4, 3]
[3, 1, 1, 3, 3]
[3, 2, 2, 2, 4]
[4, 2, 3, 2, 2]
[1, 2, 1, 3, 0]
value function is:  0
[3, 4, 2, 3, 2]
[4, 1, 1, 1, 3]
[4, 2, 1, 1, 2]
[2, 2, 2, 3, 3]
[3, 3, 1, 3, 0]
value function is:  0
[2, 2, 3, 4, 3]
[3, 1, 1, 3, 3]
[3, 2, 2, 2, 4]
[4, 2, 3, 2, 2]
[1, 2, 1, 3, 0]
value function is:  0
[4, 4, 4, 4, 1]
[3, 2, 2, 2, 1]
[1, 1, 1, 2, 2]
[3, 3, 3, 1, 4]
[2, 2, 4, 3, 0]
value function is:  0
[2, 2, 3, 4, 3]
[3, 1, 1, 3, 3]
[3, 2, 2, 2, 4]
[4, 2, 3, 2, 2]
[1, 2, 1, 3, 0]
value function is:  0
[2, 1, 1, 3, 2]
[2, 2, 3, 1, 3]
[1, 1, 2, 3, 4]
[1, 3, 3, 3, 3]
[4, 1, 4, 4, 0]
value function is:  0
[2, 2, 3, 4, 3]
[3, 1, 1, 3, 3]
[3, 2, 2, 2, 4]
[4, 2, 3, 2, 2]
[1, 2, 1, 3, 0]
value function is:  0
[2, 2, 2, 4, 4]
[2, 3, 2, 2, 2]
[1, 1, 2, 1, 3]
[4, 2, 3, 3, 1]
[3, 4, 2, 2, 0]
value function is:  0
[2, 2, 3, 4, 3]
[3, 1, 1, 3, 3]
[3, 2, 2, 2, 4]
[4, 2, 3, 2, 2]
[1, 2, 1, 3, 0]
value function is:  0
[3, 2, 2, 3, 2]
[2, 2, 2, 1, 4]
[4, 1, 1, 3, 2]
[2, 3, 2, 2, 4]
[4, 1, 1, 4, 0]
value function is:  0
[2, 2, 3, 4, 3]
[3, 1, 1, 3, 3]
[3, 2, 2, 2, 4]
[4, 2, 3, 2, 2]
[1, 2, 1, 3, 0]
value function is:  0
[1, 2, 2, 3, 4]
[4, 3, 3, 1, 3]
[2, 1, 2, 2, 2]
[2, 3, 2, 3, 4]
[3, 2, 3, 4, 0]
value function is:  0
[2, 2, 3, 4, 3]
[3, 1, 1, 3, 3]
[3, 2, 2, 2, 4]
[4, 2, 3, 2, 2]
[1, 2, 1, 3, 0]
value function is:  0
[1, 2, 2, 2, 4]
[4, 1, 2, 2, 3]
[2, 1, 2, 3, 1]
[1, 3, 1, 2, 3]
[3, 2, 1, 1, 0]
value function is:  0
[2, 2, 3, 4, 3]
[3, 1, 1, 3, 3]
[3, 2, 2, 2, 4]
[4, 2, 3, 2, 2]
[1, 2, 1, 3, 0]
value function is:  0
[1, 4, 4, 4, 3]
[2, 2, 2, 1, 4]
[3, 3, 2, 1, 2]
[4, 2, 1, 1, 2]
[2, 2, 3, 4, 0]
value function is:  0
[2, 2, 3, 4, 3]
[3, 1, 1, 3, 3]
[3, 2, 2, 2, 4]
[4, 2, 3, 2, 2]
[1, 2, 1, 3, 0]
value function is:  0
[4, 4, 3, 2, 1]
[4, 2, 2, 3, 4]
[2, 3, 1, 1, 3]
[2, 1, 2, 3, 3]
[2, 1, 2, 1, 0]
value function is:  0
[2, 2, 3, 4, 3]
[3, 1, 1, 3, 3]
[3, 2, 2, 2, 4]
[4, 2, 3, 2, 2]
[1, 2, 1, 3, 0]
value function is:  0
[2, 3, 1, 2, 1]
[1, 1, 3, 1, 3]
[3, 3, 2, 3, 4]
[2, 2, 3, 2, 1]
[3, 3, 4, 3, 0]
value function is:  0
[2, 2, 3, 4, 3]
[3, 1, 1, 3, 3]
[3, 2, 2, 2, 4]
[4, 2, 3, 2, 2]
[1, 2, 1, 3, 0]
value function is:  0
[2, 2, 4, 1, 1]
[3, 1, 2, 2, 1]
[1, 3, 2, 2, 1]
[1, 1, 2, 3, 1]
[1, 2, 3, 2, 0]
value function is:  0
[2, 2, 3, 4, 3]
[3, 1, 1, 3, 3]
[3, 2, 2, 2, 4]
[4, 2, 3, 2, 2]
[1, 2, 1, 3, 0]
value function is:  0
[3, 4, 4, 4, 1]
[1, 2, 3, 1, 4]
[4, 3, 1, 2, 1]
[4, 2, 1, 2, 3]
[3, 2, 1, 1, 0]
value function is:  0
[2, 2, 3, 4, 3]
[3, 1, 1, 3, 3]
[3, 2, 2, 2, 4]
[4, 2, 3, 2, 2]
[1, 2, 1, 3, 0]
value function is:  0
[4, 2, 4, 3, 2]
[4, 1, 1, 3, 4]
[3, 3, 2, 3, 4]
[3, 1, 3, 1, 2]
[1, 4, 3, 1, 0]
value function is:  0
[2, 2, 3, 4, 3]
[3, 1, 1, 3, 3]
[3, 2, 2, 2, 4]
[4, 2, 3, 2, 2]
[1, 2, 1, 3, 0]
value function is:  0
[2, 3, 1, 4, 1]
[3, 2, 3, 2, 2]
[3, 1, 2, 3, 3]
[2, 3, 2, 3, 1]
[1, 3, 3, 3, 0]
value function is:  0
[2, 2, 3, 4, 3]
[3, 1, 1, 3, 3]
[3, 2, 2, 2, 4]
[4, 2, 3, 2, 2]
[1, 2, 1, 3, 0]
value function is:  0
[1, 2, 2, 1, 4]
[4, 1, 1, 1, 4]
[2, 2, 1, 3, 4]
[1, 1, 3, 3, 4]
[3, 2, 4, 1, 0]
value function is:  0
[2, 2, 3, 4, 3]
[3, 1, 1, 3, 3]
[3, 2, 2, 2, 4]
[4, 2, 3, 2, 2]
[1, 2, 1, 3, 0]
value function is:  0
[3, 3, 4, 4, 3]
[3, 1, 1, 1, 4]
[2, 2, 1, 1, 1]
[2, 3, 1, 1, 1]
[3, 3, 1, 1, 0]
value function is:  0
[2, 2, 3, 4, 3]
[3, 1, 1, 3, 3]
[3, 2, 2, 2, 4]
[4, 2, 3, 2, 2]
[1, 2, 1, 3, 0]
value function is:  0
[4, 4, 4, 2, 4]
[4, 3, 3, 1, 4]
[4, 1, 1, 2, 1]
[3, 1, 1, 1, 3]
[3, 2, 1, 3, 0]
value function is:  0
[2, 2, 3, 4, 3]
[3, 1, 1, 3, 3]
[3, 2, 2, 2, 4]
[4, 2, 3, 2, 2]
[1, 2, 1, 3, 0]
value function is:  0
[1, 4, 2, 1, 4]
[1, 1, 1, 3, 4]
[3, 1, 1, 1, 3]
[2, 3, 3, 1, 3]
[4, 3, 3, 4, 0]
value function is:  0
[2, 2, 3, 4, 3]
[3, 1, 1, 3, 3]
[3, 2, 2, 2, 4]
[4, 2, 3, 2, 2]
[1, 2, 1, 3, 0]
value function is:  0
[4, 3, 3, 4, 4]
[3, 3, 2, 2, 1]
[3, 3, 1, 3, 3]
[3, 3, 1, 2, 4]
[2, 2, 1, 1, 0]
value function is:  0
[2, 2, 3, 4, 3]
[3, 1, 1, 3, 3]
[3, 2, 2, 2, 4]
[4, 2, 3, 2, 2]
[1, 2, 1, 3, 0]
value function is:  0
[4, 3, 1, 4, 3]
[3, 2, 1, 1, 1]
[3, 2, 1, 3, 4]
[2, 1, 1, 2, 2]
[3, 4, 3, 3, 0]
value function is:  0
[2, 2, 3, 4, 3]
[3, 1, 1, 3, 3]
[3, 2, 2, 2, 4]
[4, 2, 3, 2, 2]
[1, 2, 1, 3, 0]
value function is:  0
[4, 3, 4, 4, 2]
[2, 1, 2, 3, 3]
[3, 2, 1, 1, 2]
[2, 2, 3, 1, 4]
[1, 2, 4, 4, 0]
value function is:  0
[2, 2, 3, 4, 3]
[3, 1, 1, 3, 3]
[3, 2, 2, 2, 4]
[4, 2, 3, 2, 2]
[1, 2, 1, 3, 0]
value function is:  0
[2, 1, 4, 4, 4]
[3, 3, 3, 1, 3]
[1, 2, 1, 1, 4]
[2, 3, 3, 3, 4]
[2, 1, 2, 3, 0]
value function is:  0
[2, 2, 3, 4, 3]
[3, 1, 1, 3, 3]
[3, 2, 2, 2, 4]
[4, 2, 3, 2, 2]
[1, 2, 1, 3, 0]
value function is:  0
[4, 1, 2, 1, 2]
[2, 1, 3, 2, 3]
[4, 1, 2, 3, 2]
[2, 1, 2, 1, 3]
[2, 2, 1, 1, 0]
value function is:  0
[2, 2, 3, 4, 3]
[3, 1, 1, 3, 3]
[3, 2, 2, 2, 4]
[4, 2, 3, 2, 2]
[1, 2, 1, 3, 0]
value function is:  0
[4, 3, 4, 1, 1]
[3, 2, 2, 1, 1]
[1, 1, 2, 2, 1]
[4, 3, 2, 2, 4]
[1, 3, 4, 3, 0]
value function is:  0
[2, 2, 3, 4, 3]
[3, 1, 1, 3, 3]
[3, 2, 2, 2, 4]
[4, 2, 3, 2, 2]
[1, 2, 1, 3, 0]
value function is:  0
[1, 1, 4, 4, 4]
[2, 1, 1, 1, 4]
[2, 2, 2, 1, 4]
[1, 1, 3, 2, 3]
[2, 1, 1, 3, 0]
value function is:  0
[2, 2, 3, 4, 3]
[3, 1, 1, 3, 3]
[3, 2, 2, 2, 4]
[4, 2, 3, 2, 2]
[1, 2, 1, 3, 0]
value function is:  0
[2, 3, 1, 2, 1]
[1, 3, 2, 1, 3]
[2, 1, 1, 1, 3]
[1, 2, 3, 2, 1]
[3, 1, 2, 4, 0]
value function is:  0
[2, 2, 3, 4, 3]
[3, 1, 1, 3, 3]
[3, 2, 2, 2, 4]
[4, 2, 3, 2, 2]
[1, 2, 1, 3, 0]
value function is:  0
[2, 4, 4, 3, 1]
[3, 3, 3, 2, 2]
[1, 3, 1, 3, 3]
[2, 3, 3, 1, 4]
[1, 3, 4, 2, 0]
value function is:  0
[2, 2, 3, 4, 3]
[3, 1, 1, 3, 3]
[3, 2, 2, 2, 4]
[4, 2, 3, 2, 2]
[1, 2, 1, 3, 0]
value function is:  0
[4, 1, 2, 2, 4]
[4, 2, 2, 2, 1]
[1, 1, 2, 2, 4]
[4, 1, 3, 2, 3]
[4, 3, 3, 4, 0]
value function is:  0
[2, 2, 3, 4, 3]
[3, 1, 1, 3, 3]
[3, 2, 2, 2, 4]
[4, 2, 3, 2, 2]
[1, 2, 1, 3, 0]
value function is:  0
[3, 3, 4, 2, 2]
[2, 1, 1, 3, 1]
[1, 3, 2, 3, 3]
[1, 2, 2, 2, 2]
[3, 3, 1, 4, 0]
value function is:  0
[2, 2, 3, 4, 3]
[3, 1, 1, 3, 3]
[3, 2, 2, 2, 4]
[4, 2, 3, 2, 2]
[1, 2, 1, 3, 0]
value function is:  0
[2, 2, 3, 2, 1]
[1, 2, 1, 1, 2]
[1, 3, 2, 1, 4]
[1, 2, 3, 1, 3]
[1, 1, 3, 2, 0]
value function is:  0
[2, 2, 3, 4, 3]
[3, 1, 1, 3, 3]
[3, 2, 2, 2, 4]
[4, 2, 3, 2, 2]
[1, 2, 1, 3, 0]
value function is:  0
[1, 2, 3, 4, 1]
[4, 3, 3, 1, 2]
[1, 1, 1, 2, 3]
[1, 1, 1, 1, 2]
[1, 3, 1, 1, 0]
value function is:  0
[2, 2, 3, 4, 3]
[3, 1, 1, 3, 3]
[3, 2, 2, 2, 4]
[4, 2, 3, 2, 2]
[1, 2, 1, 3, 0]
value function is:  0
[4, 2, 3, 2, 3]
[2, 3, 3, 3, 4]
[1, 1, 2, 2, 2]
[2, 3, 2, 3, 2]
[3, 1, 3, 2, 0]
value function is:  0
[2, 2, 3, 4, 3]
[3, 1, 1, 3, 3]
[3, 2, 2, 2, 4]
[4, 2, 3, 2, 2]
[1, 2, 1, 3, 0]
value function is:  0
[2, 4, 4, 4, 3]
[1, 3, 2, 2, 2]
[3, 1, 2, 3, 4]
[4, 3, 3, 3, 3]
[1, 4, 2, 3, 0]
value function is:  0
[2, 2, 3, 4, 3]
[3, 1, 1, 3, 3]
[3, 2, 2, 2, 4]
[4, 2, 3, 2, 2]
[1, 2, 1, 3, 0]
value function is:  0
[4, 3, 3, 3, 4]
[4, 3, 3, 3, 4]
[3, 1, 2, 1, 1]
[3, 2, 2, 2, 1]
[2, 2, 4, 2, 0]
value function is:  0
[2, 2, 3, 4, 3]
[3, 1, 1, 3, 3]
[3, 2, 2, 2, 4]
[4, 2, 3, 2, 2]
[1, 2, 1, 3, 0]
value function is:  0
[2, 3, 1, 4, 3]
[3, 2, 2, 1, 2]
[2, 1, 1, 3, 3]
[4, 3, 3, 3, 2]
[2, 2, 1, 4, 0]
value function is:  0
[2, 2, 3, 4, 3]
[3, 1, 1, 3, 3]
[3, 2, 2, 2, 4]
[4, 2, 3, 2, 2]
[1, 2, 1, 3, 0]
value function is:  0
[1, 2, 2, 2, 3]
[2, 3, 2, 1, 1]
[1, 3, 1, 3, 1]
[1, 3, 1, 1, 4]
[2, 2, 1, 2, 0]
value function is:  0
[2, 2, 3, 4, 3]
[3, 1, 1, 3, 3]
[3, 2, 2, 2, 4]
[4, 2, 3, 2, 2]
[1, 2, 1, 3, 0]
value function is:  0
[1, 4, 4, 1, 2]
[2, 2, 2, 3, 4]
[3, 1, 1, 1, 4]
[3, 1, 1, 1, 3]
[2, 2, 3, 4, 0]
value function is:  0
[2, 2, 3, 4, 3]
[3, 1, 1, 3, 3]
[3, 2, 2, 2, 4]
[4, 2, 3, 2, 2]
[1, 2, 1, 3, 0]
value function is:  0
[3, 4, 1, 3, 1]
[1, 3, 2, 1, 4]
[2, 3, 2, 3, 2]
[3, 3, 2, 1, 2]
[2, 1, 1, 4, 0]
value function is:  0
[2, 2, 3, 4, 3]
[3, 1, 1, 3, 3]
[3, 2, 2, 2, 4]
[4, 2, 3, 2, 2]
[1, 2, 1, 3, 0]
value function is:  0
[3, 2, 3, 2, 1]
[1, 3, 3, 1, 3]
[4, 1, 1, 1, 1]
[3, 3, 3, 3, 1]
[3, 4, 1, 1, 0]
value function is:  0
[2, 2, 3, 4, 3]
[3, 1, 1, 3, 3]
[3, 2, 2, 2, 4]
[4, 2, 3, 2, 2]
[1, 2, 1, 3, 0]
value function is:  0
[3, 1, 4, 4, 1]
[4, 1, 3, 3, 2]
[1, 2, 1, 1, 4]
[3, 1, 1, 2, 1]
[4, 4, 4, 3, 0]
value function is:  0
[2, 2, 3, 4, 3]
[3, 1, 1, 3, 3]
[3, 2, 2, 2, 4]
[4, 2, 3, 2, 2]
[1, 2, 1, 3, 0]
value function is:  0
[2, 3, 2, 4, 1]
[1, 3, 2, 2, 3]
[2, 1, 1, 2, 1]
[2, 3, 3, 2, 1]
[2, 4, 2, 4, 0]
value function is:  0
[2, 2, 3, 4, 3]
[3, 1, 1, 3, 3]
[3, 2, 2, 2, 4]
[4, 2, 3, 2, 2]
[1, 2, 1, 3, 0]
value function is:  0
[4, 2, 3, 1, 2]
[3, 3, 3, 1, 2]
[3, 2, 2, 3, 2]
[2, 3, 3, 1, 1]
[3, 3, 1, 4, 0]
value function is:  0
[2, 2, 3, 4, 3]
[3, 1, 1, 3, 3]
[3, 2, 2, 2, 4]
[4, 2, 3, 2, 2]
[1, 2, 1, 3, 0]
value function is:  0
[2, 3, 1, 4, 2]
[2, 2, 3, 3, 1]
[3, 1, 1, 2, 3]
[4, 1, 2, 1, 2]
[1, 2, 1, 4, 0]
value function is:  0
[2, 2, 3, 4, 3]
[3, 1, 1, 3, 3]
[3, 2, 2, 2, 4]
[4, 2, 3, 2, 2]
[1, 2, 1, 3, 0]
value function is:  0
[2, 4, 3, 4, 2]
[3, 2, 1, 1, 3]
[4, 3, 1, 2, 3]
[4, 2, 2, 3, 2]
[1, 4, 2, 3, 0]
value function is:  0
[2, 2, 3, 4, 3]
[3, 1, 1, 3, 3]
[3, 2, 2, 2, 4]
[4, 2, 3, 2, 2]
[1, 2, 1, 3, 0]
value function is:  0
[1, 4, 1, 3, 3]
[3, 2, 3, 3, 2]
[2, 2, 2, 2, 2]
[4, 3, 3, 3, 1]
[2, 1, 1, 1, 0]
value function is:  0
[2, 2, 3, 4, 3]
[3, 1, 1, 3, 3]
[3, 2, 2, 2, 4]
[4, 2, 3, 2, 2]
[1, 2, 1, 3, 0]
value function is:  0
[1, 3, 3, 3, 1]
[4, 1, 2, 3, 4]
[3, 2, 1, 2, 2]
[3, 2, 1, 2, 2]
[3, 4, 3, 2, 0]
value function is:  0
[2, 2, 3, 4, 3]
[3, 1, 1, 3, 3]
[3, 2, 2, 2, 4]
[4, 2, 3, 2, 2]
[1, 2, 1, 3, 0]
value function is:  0
[2, 4, 1, 4, 2]
[2, 1, 2, 2, 1]
[1, 3, 2, 3, 3]
[2, 3, 2, 1, 3]
[1, 4, 3, 3, 0]
value function is:  0
[2, 2, 3, 4, 3]
[3, 1, 1, 3, 3]
[3, 2, 2, 2, 4]
[4, 2, 3, 2, 2]
[1, 2, 1, 3, 0]
value function is:  0
[3, 4, 4, 3, 1]
[3, 3, 3, 1, 4]
[3, 3, 1, 1, 3]
[4, 3, 3, 1, 4]
[2, 3, 3, 2, 0]
value function is:  0
[2, 2, 3, 4, 3]
[3, 1, 1, 3, 3]
[3, 2, 2, 2, 4]
[4, 2, 3, 2, 2]
[1, 2, 1, 3, 0]
value function is:  0
[2, 1, 4, 3, 4]
[4, 3, 3, 2, 3]
[2, 3, 1, 3, 4]
[1, 3, 1, 2, 1]
[4, 2, 2, 2, 0]
value function is:  0
[2, 2, 3, 4, 3]
[3, 1, 1, 3, 3]
[3, 2, 2, 2, 4]
[4, 2, 3, 2, 2]
[1, 2, 1, 3, 0]
value function is:  0
[3, 4, 3, 1, 2]
[4, 3, 2, 2, 4]
[1, 3, 1, 3, 4]
[3, 3, 3, 1, 3]
[3, 3, 4, 3, 0]
value function is:  0
[2, 2, 3, 4, 3]
[3, 1, 1, 3, 3]
[3, 2, 2, 2, 4]
[4, 2, 3, 2, 2]
[1, 2, 1, 3, 0]
value function is:  0
[1, 2, 1, 1, 1]
[1, 3, 3, 2, 1]
[4, 2, 1, 3, 2]
[1, 1, 1, 1, 4]
[1, 4, 3, 1, 0]
value function is:  0
[2, 2, 3, 4, 3]
[3, 1, 1, 3, 3]
[3, 2, 2, 2, 4]
[4, 2, 3, 2, 2]
[1, 2, 1, 3, 0]
value function is:  0
[3, 3, 4, 2, 4]
[4, 2, 1, 1, 4]
[2, 2, 2, 1, 3]
[3, 1, 1, 2, 3]
[3, 4, 4, 4, 0]
value function is:  0
[2, 2, 3, 4, 3]
[3, 1, 1, 3, 3]
[3, 2, 2, 2, 4]
[4, 2, 3, 2, 2]
[1, 2, 1, 3, 0]
value function is:  0
[1, 2, 3, 4, 1]
[2, 1, 3, 1, 4]
[1, 2, 2, 2, 1]
[4, 2, 2, 1, 4]
[1, 4, 1, 4, 0]
value function is:  0
[2, 2, 3, 4, 3]
[3, 1, 1, 3, 3]
[3, 2, 2, 2, 4]
[4, 2, 3, 2, 2]
[1, 2, 1, 3, 0]
value function is:  0
[2, 3, 3, 2, 2]
[3, 2, 3, 1, 1]
[1, 3, 2, 2, 1]
[1, 1, 2, 2, 3]
[4, 3, 1, 2, 0]
value function is:  0
[2, 2, 3, 4, 3]
[3, 1, 1, 3, 3]
[3, 2, 2, 2, 4]
[4, 2, 3, 2, 2]
[1, 2, 1, 3, 0]
value function is:  0
[2, 3, 4, 3, 2]
[1, 2, 1, 1, 4]
[4, 1, 1, 1, 1]
[1, 1, 3, 1, 1]
[4, 1, 4, 3, 0]
value function is:  0
[2, 2, 3, 4, 3]
[3, 1, 1, 3, 3]
[3, 2, 2, 2, 4]
[4, 2, 3, 2, 2]
[1, 2, 1, 3, 0]
value function is:  0
[4, 3, 1, 1, 4]
[2, 3, 2, 1, 4]
[4, 3, 2, 2, 2]
[2, 1, 1, 1, 4]
[4, 4, 2, 1, 0]
value function is:  0
[2, 2, 3, 4, 3]
[3, 1, 1, 3, 3]
[3, 2, 2, 2, 4]
[4, 2, 3, 2, 2]
[1, 2, 1, 3, 0]
value function is:  0
[4, 4, 2, 2, 4]
[4, 2, 3, 3, 3]
[4, 2, 2, 2, 2]
[3, 3, 1, 2, 2]
[3, 2, 4, 1, 0]
value function is:  0
[2, 2, 3, 4, 3]
[3, 1, 1, 3, 3]
[3, 2, 2, 2, 4]
[4, 2, 3, 2, 2]
[1, 2, 1, 3, 0]
value function is:  0
[4, 2, 2, 1, 1]
[3, 3, 3, 2, 3]
[4, 3, 1, 1, 1]
[1, 2, 2, 1, 2]
[2, 4, 4, 4, 0]
value function is:  0
[2, 2, 3, 4, 3]
[3, 1, 1, 3, 3]
[3, 2, 2, 2, 4]
[4, 2, 3, 2, 2]
[1, 2, 1, 3, 0]
value function is:  0
[3, 1, 1, 2, 4]
[3, 2, 2, 3, 4]
[4, 1, 2, 3, 4]
[1, 1, 1, 2, 2]
[1, 2, 3, 3, 0]
value function is:  0
[2, 2, 3, 4, 3]
[3, 1, 1, 3, 3]
[3, 2, 2, 2, 4]
[4, 2, 3, 2, 2]
[1, 2, 1, 3, 0]
value function is:  0
[4, 4, 4, 1, 3]
[4, 3, 1, 1, 4]
[1, 2, 2, 1, 1]
[4, 2, 3, 2, 4]
[3, 4, 1, 1, 0]
value function is:  0
[2, 2, 3, 4, 3]
[3, 1, 1, 3, 3]
[3, 2, 2, 2, 4]
[4, 2, 3, 2, 2]
[1, 2, 1, 3, 0]
value function is:  0
[4, 2, 1, 4, 1]
[1, 1, 2, 3, 3]
[2, 3, 2, 3, 4]
[4, 1, 3, 3, 3]
[3, 4, 1, 2, 0]
value function is:  0
[2, 2, 3, 4, 3]
[3, 1, 1, 3, 3]
[3, 2, 2, 2, 4]
[4, 2, 3, 2, 2]
[1, 2, 1, 3, 0]
value function is:  0
[2, 2, 2, 1, 3]
[3, 3, 3, 3, 1]
[4, 3, 2, 2, 1]
[1, 1, 2, 3, 4]
[1, 1, 2, 1, 0]
value function is:  0
[2, 2, 3, 4, 3]
[3, 1, 1, 3, 3]
[3, 2, 2, 2, 4]
[4, 2, 3, 2, 2]
[1, 2, 1, 3, 0]
value function is:  0
[4, 4, 1, 2, 2]
[2, 2, 2, 3, 3]
[4, 1, 1, 3, 4]
[4, 1, 3, 2, 3]
[3, 3, 1, 1, 0]
value function is:  0
[2, 2, 3, 4, 3]
[3, 1, 1, 3, 3]
[3, 2, 2, 2, 4]
[4, 2, 3, 2, 2]
[1, 2, 1, 3, 0]
value function is:  0
[1, 3, 2, 3, 3]
[2, 2, 1, 1, 2]
[3, 1, 1, 3, 4]
[4, 2, 3, 1, 1]
[4, 2, 2, 3, 0]
value function is:  0
[2, 2, 3, 4, 3]
[3, 1, 1, 3, 3]
[3, 2, 2, 2, 4]
[4, 2, 3, 2, 2]
[1, 2, 1, 3, 0]
value function is:  0
[2, 1, 4, 1, 4]
[2, 2, 3, 1, 4]
[2, 1, 1, 1, 2]
[4, 1, 1, 2, 2]
[1, 4, 4, 4, 0]
value function is:  0
[2, 2, 3, 4, 3]
[3, 1, 1, 3, 3]
[3, 2, 2, 2, 4]
[4, 2, 3, 2, 2]
[1, 2, 1, 3, 0]
value function is:  0
[3, 1, 3, 1, 4]
[1, 2, 1, 1, 4]
[3, 2, 2, 2, 1]
[1, 3, 3, 2, 3]
[1, 4, 1, 2, 0]
value function is:  0
[2, 2, 3, 4, 3]
[3, 1, 1, 3, 3]
[3, 2, 2, 2, 4]
[4, 2, 3, 2, 2]
[1, 2, 1, 3, 0]
value function is:  0
[3, 2, 1, 1, 4]
[4, 3, 1, 2, 4]
[2, 3, 2, 2, 3]
[4, 1, 2, 3, 3]
[2, 2, 1, 1, 0]
value function is:  0
[2, 2, 3, 4, 3]
[3, 1, 1, 3, 3]
[3, 2, 2, 2, 4]
[4, 2, 3, 2, 2]
[1, 2, 1, 3, 0]
value function is:  0
[3, 1, 3, 3, 4]
[1, 1, 3, 1, 1]
[4, 1, 1, 1, 1]
[1, 3, 2, 3, 2]
[1, 4, 2, 2, 0]
value function is:  0
[2, 2, 3, 4, 3]
[3, 1, 1, 3, 3]
[3, 2, 2, 2, 4]
[4, 2, 3, 2, 2]
[1, 2, 1, 3, 0]
value function is:  0
[4, 1, 1, 3, 4]
[3, 1, 2, 3, 4]
[2, 1, 1, 2, 2]
[2, 3, 2, 2, 3]
[2, 1, 1, 3, 0]
value function is:  0
[2, 2, 3, 4, 3]
[3, 1, 1, 3, 3]
[3, 2, 2, 2, 4]
[4, 2, 3, 2, 2]
[1, 2, 1, 3, 0]
value function is:  0
[3, 1, 2, 1, 4]
[1, 3, 1, 1, 4]
[3, 1, 2, 3, 3]
[1, 3, 2, 1, 1]
[3, 1, 1, 2, 0]
value function is:  0
[2, 2, 3, 4, 3]
[3, 1, 1, 3, 3]
[3, 2, 2, 2, 4]
[4, 2, 3, 2, 2]
[1, 2, 1, 3, 0]
value function is:  0
[2, 3, 2, 2, 3]
[4, 2, 3, 1, 4]
[2, 3, 2, 2, 1]
[3, 1, 2, 1, 2]
[4, 1, 1, 2, 0]
value function is:  0
[2, 2, 3, 4, 3]
[3, 1, 1, 3, 3]
[3, 2, 2, 2, 4]
[4, 2, 3, 2, 2]
[1, 2, 1, 3, 0]
value function is:  0
[1, 3, 1, 3, 2]
[2, 2, 1, 3, 4]
[3, 3, 2, 3, 2]
[1, 1, 1, 2, 3]
[4, 4, 2, 4, 0]
value function is:  0
[2, 2, 3, 4, 3]
[3, 1, 1, 3, 3]
[3, 2, 2, 2, 4]
[4, 2, 3, 2, 2]
[1, 2, 1, 3, 0]
value function is:  0
[3, 1, 4, 1, 1]
[4, 2, 3, 3, 3]
[4, 2, 1, 1, 3]
[3, 1, 3, 1, 2]
[4, 3, 1, 2, 0]
value function is:  0
[2, 2, 3, 4, 3]
[3, 1, 1, 3, 3]
[3, 2, 2, 2, 4]
[4, 2, 3, 2, 2]
[1, 2, 1, 3, 0]
value function is:  0
[3, 4, 3, 1, 1]
[2, 3, 2, 3, 1]
[3, 3, 1, 2, 3]
[3, 2, 2, 1, 3]
[1, 1, 1, 2, 0]
value function is:  0
[2, 2, 3, 4, 3]
[3, 1, 1, 3, 3]
[3, 2, 2, 2, 4]
[4, 2, 3, 2, 2]
[1, 2, 1, 3, 0]
value function is:  0
[4, 3, 4, 3, 3]
[4, 3, 1, 2, 4]
[1, 2, 2, 3, 1]
[4, 3, 1, 2, 2]
[2, 2, 2, 3, 0]
value function is:  0
[2, 2, 3, 4, 3]
[3, 1, 1, 3, 3]
[3, 2, 2, 2, 4]
[4, 2, 3, 2, 2]
[1, 2, 1, 3, 0]
value function is:  0
[3, 4, 3, 3, 3]
[1, 2, 3, 2, 3]
[3, 3, 1, 1, 4]
[3, 3, 3, 3, 3]
[2, 2, 2, 1, 0]
value function is:  0
[2, 2, 3, 4, 3]
[3, 1, 1, 3, 3]
[3, 2, 2, 2, 4]
[4, 2, 3, 2, 2]
[1, 2, 1, 3, 0]
value function is:  0
[4, 2, 1, 4, 4]
[4, 2, 1, 3, 3]
[3, 1, 1, 1, 2]
[3, 2, 2, 2, 3]
[2, 4, 3, 1, 0]
value function is:  0
[2, 2, 3, 4, 3]
[3, 1, 1, 3, 3]
[3, 2, 2, 2, 4]
[4, 2, 3, 2, 2]
[1, 2, 1, 3, 0]
value function is:  0
[4, 3, 3, 1, 1]
[3, 2, 3, 2, 2]
[2, 2, 1, 1, 3]
[3, 3, 2, 2, 1]
[2, 4, 4, 1, 0]
value function is:  0
[2, 2, 3, 4, 3]
[3, 1, 1, 3, 3]
[3, 2, 2, 2, 4]
[4, 2, 3, 2, 2]
[1, 2, 1, 3, 0]
value function is:  0
[2, 1, 4, 4, 4]
[3, 1, 2, 1, 4]
[2, 1, 1, 1, 1]
[4, 2, 1, 2, 1]
[2, 4, 4, 1, 0]
value function is:  0
[2, 2, 3, 4, 3]
[3, 1, 1, 3, 3]
[3, 2, 2, 2, 4]
[4, 2, 3, 2, 2]
[1, 2, 1, 3, 0]
value function is:  0
[3, 2, 4, 4, 1]
[1, 3, 2, 2, 1]
[4, 3, 1, 1, 3]
[4, 2, 3, 3, 1]
[2, 2, 3, 3, 0]
value function is:  0
[2, 2, 3, 4, 3]
[3, 1, 1, 3, 3]
[3, 2, 2, 2, 4]
[4, 2, 3, 2, 2]
[1, 2, 1, 3, 0]
value function is:  0
[1, 4, 1, 1, 4]
[4, 1, 1, 2, 1]
[1, 1, 1, 3, 4]
[4, 1, 2, 3, 3]
[1, 1, 4, 3, 0]
value function is:  0
[2, 2, 3, 4, 3]
[3, 1, 1, 3, 3]
[3, 2, 2, 2, 4]
[4, 2, 3, 2, 2]
[1, 2, 1, 3, 0]
value function is:  0
[2, 4, 4, 3, 4]
[3, 2, 1, 2, 3]
[1, 1, 1, 1, 1]
[4, 3, 1, 1, 4]
[4, 1, 2, 1, 0]
value function is:  0
[2, 2, 3, 4, 3]
[3, 1, 1, 3, 3]
[3, 2, 2, 2, 4]
[4, 2, 3, 2, 2]
[1, 2, 1, 3, 0]
value function is:  0
[2, 4, 2, 4, 2]
[2, 1, 3, 2, 3]
[1, 2, 2, 1, 3]
[4, 1, 1, 1, 2]
[1, 1, 1, 3, 0]
value function is:  0
[2, 2, 3, 4, 3]
[3, 1, 1, 3, 3]
[3, 2, 2, 2, 4]
[4, 2, 3, 2, 2]
[1, 2, 1, 3, 0]
value function is:  0
[2, 1, 2, 4, 1]
[4, 1, 2, 3, 1]
[1, 2, 2, 3, 1]
[3, 2, 3, 3, 4]
[2, 1, 2, 1, 0]
value function is:  0
[2, 2, 3, 4, 3]
[3, 1, 1, 3, 3]
[3, 2, 2, 2, 4]
[4, 2, 3, 2, 2]
[1, 2, 1, 3, 0]
value function is:  0
[1, 2, 1, 2, 3]
[4, 3, 3, 1, 1]
[2, 3, 1, 3, 3]
[4, 3, 2, 2, 1]
[2, 3, 2, 3, 0]
value function is:  0
[2, 2, 3, 4, 3]
[3, 1, 1, 3, 3]
[3, 2, 2, 2, 4]
[4, 2, 3, 2, 2]
[1, 2, 1, 3, 0]
value function is:  0
[3, 2, 1, 4, 4]
[3, 3, 3, 3, 1]
[4, 3, 1, 3, 1]
[3, 1, 2, 2, 1]
[3, 1, 3, 3, 0]
value function is:  0
[2, 2, 3, 4, 3]
[3, 1, 1, 3, 3]
[3, 2, 2, 2, 4]
[4, 2, 3, 2, 2]
[1, 2, 1, 3, 0]
value function is:  0
[2, 4, 1, 3, 4]
[4, 2, 1, 2, 3]
[4, 1, 1, 3, 4]
[4, 1, 3, 3, 3]
[3, 2, 1, 3, 0]
value function is:  0
[2, 2, 3, 4, 3]
[3, 1, 1, 3, 3]
[3, 2, 2, 2, 4]
[4, 2, 3, 2, 2]
[1, 2, 1, 3, 0]
value function is:  0
[2, 4, 2, 3, 2]
[1, 1, 3, 2, 2]
[1, 3, 1, 1, 2]
[2, 1, 2, 2, 4]
[3, 2, 2, 4, 0]
value function is:  0
[2, 2, 3, 4, 3]
[3, 1, 1, 3, 3]
[3, 2, 2, 2, 4]
[4, 2, 3, 2, 2]
[1, 2, 1, 3, 0]
value function is:  0
[1, 1, 4, 3, 2]
[1, 2, 3, 2, 4]
[3, 1, 1, 1, 4]
[2, 1, 1, 2, 2]
[3, 1, 3, 4, 0]
value function is:  0
[2, 2, 3, 4, 3]
[3, 1, 1, 3, 3]
[3, 2, 2, 2, 4]
[4, 2, 3, 2, 2]
[1, 2, 1, 3, 0]
value function is:  0
[2, 3, 1, 1, 3]
[2, 3, 1, 2, 3]
[1, 2, 1, 1, 4]
[2, 3, 3, 1, 3]
[4, 4, 2, 4, 0]
value function is:  0
[2, 2, 3, 4, 3]
[3, 1, 1, 3, 3]
[3, 2, 2, 2, 4]
[4, 2, 3, 2, 2]
[1, 2, 1, 3, 0]
value function is:  0
[1, 4, 3, 3, 2]
[3, 3, 1, 1, 1]
[3, 3, 1, 1, 3]
[1, 3, 1, 1, 2]
[1, 4, 4, 1, 0]
value function is:  0
[2, 2, 3, 4, 3]
[3, 1, 1, 3, 3]
[3, 2, 2, 2, 4]
[4, 2, 3, 2, 2]
[1, 2, 1, 3, 0]
value function is:  0
[2, 3, 3, 3, 1]
[3, 2, 3, 3, 1]
[2, 2, 2, 1, 2]
[3, 3, 3, 2, 1]
[4, 1, 4, 1, 0]
value function is:  0
[2, 2, 3, 4, 3]
[3, 1, 1, 3, 3]
[3, 2, 2, 2, 4]
[4, 2, 3, 2, 2]
[1, 2, 1, 3, 0]
value function is:  0
[2, 2, 3, 2, 3]
[3, 2, 3, 3, 1]
[2, 3, 2, 3, 1]
[2, 3, 3, 2, 4]
[3, 2, 4, 3, 0]
value function is:  0
[2, 2, 3, 4, 3]
[3, 1, 1, 3, 3]
[3, 2, 2, 2, 4]
[4, 2, 3, 2, 2]
[1, 2, 1, 3, 0]
value function is:  0
[3, 1, 3, 3, 3]
[1, 3, 1, 1, 4]
[4, 3, 2, 3, 2]
[1, 2, 1, 3, 3]
[2, 4, 4, 3, 0]
value function is:  0
[2, 2, 3, 4, 3]
[3, 1, 1, 3, 3]
[3, 2, 2, 2, 4]
[4, 2, 3, 2, 2]
[1, 2, 1, 3, 0]
value function is:  0
[3, 3, 2, 1, 2]
[1, 3, 3, 1, 3]
[2, 1, 1, 3, 1]
[3, 2, 2, 1, 3]
[4, 3, 3, 4, 0]
value function is:  0
[2, 2, 3, 4, 3]
[3, 1, 1, 3, 3]
[3, 2, 2, 2, 4]
[4, 2, 3, 2, 2]
[1, 2, 1, 3, 0]
value function is:  0
[1, 4, 2, 4, 1]
[1, 2, 1, 3, 3]
[2, 1, 2, 3, 2]
[4, 3, 1, 2, 3]
[2, 2, 2, 2, 0]
value function is:  0
[2, 2, 3, 4, 3]
[3, 1, 1, 3, 3]
[3, 2, 2, 2, 4]
[4, 2, 3, 2, 2]
[1, 2, 1, 3, 0]
value function is:  0
[1, 3, 1, 2, 1]
[1, 2, 3, 2, 3]
[3, 2, 1, 3, 4]
[2, 1, 1, 2, 4]
[1, 1, 3, 1, 0]
value function is:  0
[2, 2, 3, 4, 3]
[3, 1, 1, 3, 3]
[3, 2, 2, 2, 4]
[4, 2, 3, 2, 2]
[1, 2, 1, 3, 0]
value function is:  0
[1, 4, 2, 2, 4]
[4, 3, 3, 2, 4]
[3, 3, 2, 1, 4]
[2, 2, 2, 2, 1]
[2, 1, 2, 1, 0]
value function is:  0
[2, 2, 3, 4, 3]
[3, 1, 1, 3, 3]
[3, 2, 2, 2, 4]
[4, 2, 3, 2, 2]
[1, 2, 1, 3, 0]
value function is:  0
[1, 4, 4, 3, 3]
[3, 3, 1, 3, 1]
[3, 3, 1, 3, 1]
[1, 2, 1, 1, 2]
[3, 2, 1, 3, 0]
value function is:  0
[2, 2, 3, 4, 3]
[3, 1, 1, 3, 3]
[3, 2, 2, 2, 4]
[4, 2, 3, 2, 2]
[1, 2, 1, 3, 0]
value function is:  0
[2, 4, 3, 4, 3]
[2, 1, 3, 2, 2]
[1, 1, 2, 3, 1]
[2, 3, 1, 2, 4]
[4, 3, 3, 3, 0]
value function is:  0
[3, 2, 4, 1, 2]
[3, 3, 1, 1, 4]
[4, 2, 2, 2, 2]
[1, 2, 2, 3, 3]
[4, 2, 4, 3, 0]
value function is:  0
[0, 4, 1, 6, 'X']
[2, 3, 3, 4, 5]
[1, 2, 3, 5, 4]
[2, 3, 2, 3, 4]
[7, 5, 3, 6, 6]
value function is:  6
